PartNo. 	 DateTime. 	 Clamp. 	 Main. 	 Top. 	 Bottom. 
1 	 8/28/20267:24:31 PM 	 24.920975 	 59.522485 	 17.784216 	 17.996601 	 1 
2 	 8/28/20267:24:31 PM 	 26.639982 	 59.638898 	 17.524493 	 17.840490 	 0 
3 	 8/28/20267:24:31 PM 	 26.428673 	 59.417077 	 17.930848 	 17.838075 	 0 
4 	 8/28/20267:24:31 PM 	 0.000000 	 59.472010 	 17.588979 	 17.811615 	 0 
5 	 8/28/20267:24:31 PM 	 25.350939 	 59.498539 	 17.621030 	 17.838441 	 1 
6 	 8/28/20267:24:31 PM 	 25.437662 	 59.621482 	 17.469921 	 17.765648 	 1 
7 	 8/28/20267:24:32 PM 	 28.361599 	 59.502909 	 17.666096 	 17.747159 	 0 
8 	 8/28/20267:24:32 PM 	 0.000000 	 59.445854 	 17.673897 	 17.896674 	 0 
9 	 8/28/20267:24:32 PM 	 25.255680 	 59.420536 	 17.832305 	 18.025432 	 0 
10 	 8/28/20267:24:32 PM 	 24.672480 	 59.503860 	 17.297718 	 17.682748 	 1 
11 	 8/28/20267:24:32 PM 	 25.840673 	 59.472770 	 17.350323 	 17.950427 	 1 
12 	 8/28/20267:24:32 PM 	 25.581890 	 59.442805 	 17.754601 	 17.856433 	 1 
13 	 8/28/20267:24:32 PM 	 28.439178 	 59.436012 	 17.619442 	 17.865606 	 0 
14 	 8/28/20267:24:32 PM 	 31.445677 	 59.480510 	 17.514303 	 17.806478 	 0 
15 	 8/28/20267:24:32 PM 	 27.774450 	 59.527114 	 17.355067 	 17.916499 	 0 
16 	 8/28/20267:24:32 PM 	 0.000000 	 59.460858 	 17.743373 	 17.875102 	 0 
17 	 8/28/20267:24:32 PM 	 25.021221 	 59.534321 	 17.755287 	 17.803240 	 1 
18 	 8/28/20267:24:32 PM 	 24.920975 	 59.522485 	 17.784216 	 17.996601 	 1 
19 	 8/28/20267:24:32 PM 	 26.639982 	 59.638898 	 17.524493 	 17.840490 	 0 
20 	 8/28/20267:24:32 PM 	 26.428673 	 59.417077 	 17.930848 	 17.838075 	 0 
21 	 8/28/20267:24:32 PM 	 0.000000 	 59.472010 	 17.588979 	 17.811615 	 0 
22 	 8/28/20267:24:32 PM 	 25.350939 	 59.498539 	 17.621030 	 17.838441 	 1 
23 	 8/28/20267:24:33 PM 	 25.437662 	 59.621482 	 17.469921 	 17.765648 	 1 
24 	 8/28/20267:24:33 PM 	 28.361599 	 59.502909 	 17.666096 	 17.747159 	 0 
25 	 8/28/20267:24:33 PM 	 0.000000 	 59.445854 	 17.673897 	 17.896674 	 0 
26 	 8/28/20267:24:33 PM 	 25.255680 	 59.420536 	 17.832305 	 18.025432 	 0 
27 	 8/28/20267:24:33 PM 	 24.672480 	 59.503860 	 17.297718 	 17.682748 	 1 
28 	 8/28/20267:24:33 PM 	 25.840673 	 59.472770 	 17.350323 	 17.950427 	 1 
29 	 8/28/20267:24:33 PM 	 25.581890 	 59.442805 	 17.754601 	 17.856433 	 1 
30 	 8/28/20267:24:33 PM 	 28.439178 	 59.436012 	 17.619442 	 17.865606 	 0 
31 	 8/28/20267:24:33 PM 	 31.445677 	 59.480510 	 17.514303 	 17.806478 	 0 
32 	 8/28/20267:24:33 PM 	 27.774450 	 59.527114 	 17.355067 	 17.916499 	 0 
33 	 8/28/20267:24:33 PM 	 0.000000 	 59.460858 	 17.743373 	 17.875102 	 0 
34 	 8/28/20267:24:33 PM 	 25.021221 	 59.534321 	 17.755287 	 17.803240 	 1 
35 	 8/28/20267:24:33 PM 	 24.920975 	 59.522485 	 17.784216 	 17.996601 	 1 
36 	 8/28/20267:24:33 PM 	 26.639982 	 59.638898 	 17.524493 	 17.840490 	 0 
37 	 8/28/20267:24:33 PM 	 26.428673 	 59.417077 	 17.930848 	 17.838075 	 0 
38 	 8/28/20267:24:34 PM 	 0.000000 	 59.472010 	 17.588979 	 17.811615 	 0 
39 	 8/28/20267:24:34 PM 	 25.350939 	 59.498539 	 17.621030 	 17.838441 	 1 
40 	 8/28/20267:24:34 PM 	 25.437662 	 59.621482 	 17.469921 	 17.765648 	 1 
41 	 8/28/20267:24:34 PM 	 28.361599 	 59.502909 	 17.666096 	 17.747159 	 0 
42 	 8/28/20267:24:34 PM 	 0.000000 	 59.445854 	 17.673897 	 17.896674 	 0 
43 	 8/28/20267:24:34 PM 	 25.255680 	 59.420536 	 17.832305 	 18.025432 	 0 
44 	 8/28/20267:24:34 PM 	 24.672480 	 59.503860 	 17.297718 	 17.682748 	 1 
45 	 8/28/20267:24:34 PM 	 25.840673 	 59.472770 	 17.350323 	 17.950427 	 1 
46 	 8/28/20267:24:34 PM 	 25.581890 	 59.442805 	 17.754601 	 17.856433 	 1 
47 	 8/28/20267:24:34 PM 	 28.439178 	 59.436012 	 17.619442 	 17.865606 	 0 
48 	 8/28/20267:24:34 PM 	 31.445677 	 59.480510 	 17.514303 	 17.806478 	 0 
49 	 8/28/20267:24:34 PM 	 27.774450 	 59.527114 	 17.355067 	 17.916499 	 0 
50 	 8/28/20267:24:34 PM 	 0.000000 	 59.460858 	 17.743373 	 17.875102 	 0 
51 	 8/28/20267:24:34 PM 	 25.021221 	 59.534321 	 17.755287 	 17.803240 	 1 
52 	 8/28/20267:24:34 PM 	 24.920975 	 59.522485 	 17.784216 	 17.996601 	 1 
53 	 8/28/20267:24:35 PM 	 26.639982 	 59.638898 	 17.524493 	 17.840490 	 0 
54 	 8/28/20267:24:35 PM 	 26.428673 	 59.417077 	 17.930848 	 17.838075 	 0 
55 	 8/28/20267:24:35 PM 	 0.000000 	 59.472010 	 17.588979 	 17.811615 	 0 
56 	 8/28/20267:24:35 PM 	 25.350939 	 59.498539 	 17.621030 	 17.838441 	 1 
57 	 8/28/20267:24:35 PM 	 25.437662 	 59.621482 	 17.469921 	 17.765648 	 1 
58 	 8/28/20267:24:35 PM 	 28.361599 	 59.502909 	 17.666096 	 17.747159 	 0 
59 	 8/28/20267:24:35 PM 	 0.000000 	 59.445854 	 17.673897 	 17.896674 	 0 
60 	 8/28/20267:24:35 PM 	 25.255680 	 59.420536 	 17.832305 	 18.025432 	 0 
61 	 8/28/20267:24:35 PM 	 24.672480 	 59.503860 	 17.297718 	 17.682748 	 1 
62 	 8/28/20267:24:35 PM 	 25.840673 	 59.472770 	 17.350323 	 17.950427 	 1 
63 	 8/28/20267:24:35 PM 	 25.581890 	 59.442805 	 17.754601 	 17.856433 	 1 
64 	 8/28/20267:24:35 PM 	 28.439178 	 59.436012 	 17.619442 	 17.865606 	 0 
65 	 8/28/20267:24:35 PM 	 31.445677 	 59.480510 	 17.514303 	 17.806478 	 0 
66 	 8/28/20267:24:35 PM 	 27.774450 	 59.527114 	 17.355067 	 17.916499 	 0 
67 	 8/28/20267:24:35 PM 	 0.000000 	 59.460858 	 17.743373 	 17.875102 	 0 
68 	 8/28/20267:24:35 PM 	 25.021221 	 59.534321 	 17.755287 	 17.803240 	 1 
69 	 8/28/20267:24:36 PM 	 24.920975 	 59.522485 	 17.784216 	 17.996601 	 1 
70 	 8/28/20267:24:36 PM 	 26.639982 	 59.638898 	 17.524493 	 17.840490 	 0 
71 	 8/28/20267:24:36 PM 	 26.428673 	 59.417077 	 17.930848 	 17.838075 	 0 
72 	 8/28/20267:24:36 PM 	 0.000000 	 59.472010 	 17.588979 	 17.811615 	 0 
73 	 8/28/20267:24:36 PM 	 25.350939 	 59.498539 	 17.621030 	 17.838441 	 1 
74 	 8/28/20267:24:36 PM 	 25.437662 	 59.621482 	 17.469921 	 17.765648 	 1 
75 	 8/28/20267:24:36 PM 	 28.361599 	 59.502909 	 17.666096 	 17.747159 	 0 
76 	 8/28/20267:24:36 PM 	 0.000000 	 59.445854 	 17.673897 	 17.896674 	 0 
77 	 8/28/20267:24:36 PM 	 25.255680 	 59.420536 	 17.832305 	 18.025432 	 0 
78 	 8/28/20267:24:36 PM 	 24.672480 	 59.503860 	 17.297718 	 17.682748 	 1 
79 	 8/28/20267:24:36 PM 	 25.840673 	 59.472770 	 17.350323 	 17.950427 	 1 
80 	 8/28/20267:24:36 PM 	 25.581890 	 59.442805 	 17.754601 	 17.856433 	 1 
81 	 8/28/20267:24:36 PM 	 28.439178 	 59.436012 	 17.619442 	 17.865606 	 0 
82 	 8/28/20267:24:36 PM 	 31.445677 	 59.480510 	 17.514303 	 17.806478 	 0 
83 	 8/28/20267:24:36 PM 	 27.774450 	 59.527114 	 17.355067 	 17.916499 	 0 
84 	 8/28/20267:24:36 PM 	 0.000000 	 59.460858 	 17.743373 	 17.875102 	 0 
85 	 8/28/20267:24:37 PM 	 25.021221 	 59.534321 	 17.755287 	 17.803240 	 1 
86 	 8/28/20267:24:37 PM 	 24.920975 	 59.522485 	 17.784216 	 17.996601 	 1 
87 	 8/28/20267:24:37 PM 	 26.639982 	 59.638898 	 17.524493 	 17.840490 	 0 
88 	 8/28/20267:24:37 PM 	 26.428673 	 59.417077 	 17.930848 	 17.838075 	 0 
89 	 8/28/20267:24:37 PM 	 0.000000 	 59.472010 	 17.588979 	 17.811615 	 0 
90 	 8/28/20267:24:37 PM 	 25.350939 	 59.498539 	 17.621030 	 17.838441 	 1 
91 	 8/28/20267:24:37 PM 	 25.437662 	 59.621482 	 17.469921 	 17.765648 	 1 
92 	 8/28/20267:24:37 PM 	 28.361599 	 59.502909 	 17.666096 	 17.747159 	 0 
93 	 8/28/20267:24:37 PM 	 0.000000 	 59.445854 	 17.673897 	 17.896674 	 0 
94 	 8/28/20267:24:37 PM 	 25.255680 	 59.420536 	 17.832305 	 18.025432 	 0 
95 	 8/28/20267:24:37 PM 	 24.672480 	 59.503860 	 17.297718 	 17.682748 	 1 
96 	 8/28/20267:24:37 PM 	 25.840673 	 59.472770 	 17.350323 	 17.950427 	 1 
97 	 8/28/20267:24:37 PM 	 25.581890 	 59.442805 	 17.754601 	 17.856433 	 1 
98 	 8/28/20267:24:37 PM 	 28.439178 	 59.436012 	 17.619442 	 17.865606 	 0 
99 	 8/28/20267:24:37 PM 	 31.445677 	 59.480510 	 17.514303 	 17.806478 	 0 
100 	 8/28/20267:24:38 PM 	 27.774450 	 59.527114 	 17.355067 	 17.916499 	 0 
101 	 8/28/20267:24:38 PM 	 0.000000 	 59.460858 	 17.743373 	 17.875102 	 0 
102 	 8/28/20267:24:38 PM 	 25.021221 	 59.534321 	 17.755287 	 17.803240 	 1 
103 	 8/28/20267:24:38 PM 	 24.920975 	 59.522485 	 17.784216 	 17.996601 	 1 
104 	 8/28/20267:24:38 PM 	 26.639982 	 59.638898 	 17.524493 	 17.840490 	 0 
105 	 8/28/20267:24:38 PM 	 26.428673 	 59.417077 	 17.930848 	 17.838075 	 0 
106 	 8/28/20267:24:38 PM 	 0.000000 	 59.472010 	 17.588979 	 17.811615 	 0 
107 	 8/28/20267:24:38 PM 	 25.350939 	 59.498539 	 17.621030 	 17.838441 	 1 
108 	 8/28/20267:24:38 PM 	 25.437662 	 59.621482 	 17.469921 	 17.765648 	 1 
109 	 8/28/20267:24:38 PM 	 28.361599 	 59.502909 	 17.666096 	 17.747159 	 0 
110 	 8/28/20267:24:38 PM 	 0.000000 	 59.445854 	 17.673897 	 17.896674 	 0 
111 	 8/28/20267:24:38 PM 	 25.255680 	 59.420536 	 17.832305 	 18.025432 	 0 
112 	 8/28/20267:24:38 PM 	 24.672480 	 59.503860 	 17.297718 	 17.682748 	 1 
113 	 8/28/20267:24:38 PM 	 25.840673 	 59.472770 	 17.350323 	 17.950427 	 1 
114 	 8/28/20267:24:38 PM 	 25.581890 	 59.442805 	 17.754601 	 17.856433 	 1 
115 	 8/28/20267:24:38 PM 	 28.439178 	 59.436012 	 17.619442 	 17.865606 	 0 
116 	 8/28/20267:24:39 PM 	 31.445677 	 59.480510 	 17.514303 	 17.806478 	 0 
117 	 8/28/20267:24:39 PM 	 27.774450 	 59.527114 	 17.355067 	 17.916499 	 0 
118 	 8/28/20267:24:39 PM 	 0.000000 	 59.460858 	 17.743373 	 17.875102 	 0 
119 	 8/28/20267:24:39 PM 	 25.021221 	 59.534321 	 17.755287 	 17.803240 	 1 
120 	 8/28/20267:24:39 PM 	 24.920975 	 59.522485 	 17.784216 	 17.996601 	 1 
121 	 8/28/20267:24:39 PM 	 26.639982 	 59.638898 	 17.524493 	 17.840490 	 0 
122 	 8/28/20267:24:39 PM 	 26.428673 	 59.417077 	 17.930848 	 17.838075 	 0 
123 	 8/28/20267:24:39 PM 	 0.000000 	 59.472010 	 17.588979 	 17.811615 	 0 
124 	 8/28/20267:24:39 PM 	 25.350939 	 59.498539 	 17.621030 	 17.838441 	 1 
125 	 8/28/20267:24:39 PM 	 25.437662 	 59.621482 	 17.469921 	 17.765648 	 1 
126 	 8/28/20267:24:39 PM 	 28.361599 	 59.502909 	 17.666096 	 17.747159 	 0 
127 	 8/28/20267:24:39 PM 	 0.000000 	 59.445854 	 17.673897 	 17.896674 	 0 
128 	 8/28/20267:24:39 PM 	 25.255680 	 59.420536 	 17.832305 	 18.025432 	 0 
129 	 8/28/20267:24:39 PM 	 24.672480 	 59.503860 	 17.297718 	 17.682748 	 1 
130 	 8/28/20267:24:39 PM 	 25.840673 	 59.472770 	 17.350323 	 17.950427 	 1 
131 	 8/28/20267:24:39 PM 	 25.581890 	 59.442805 	 17.754601 	 17.856433 	 1 
132 	 8/28/20267:24:40 PM 	 28.439178 	 59.436012 	 17.619442 	 17.865606 	 0 
133 	 8/28/20267:24:40 PM 	 31.445677 	 59.480510 	 17.514303 	 17.806478 	 0 
134 	 8/28/20267:24:40 PM 	 27.774450 	 59.527114 	 17.355067 	 17.916499 	 0 
135 	 8/28/20267:24:40 PM 	 0.000000 	 59.460858 	 17.743373 	 17.875102 	 0 
136 	 8/28/20267:24:40 PM 	 25.021221 	 59.534321 	 17.755287 	 17.803240 	 1 
137 	 8/28/20267:24:40 PM 	 24.920975 	 59.522485 	 17.784216 	 17.996601 	 1 
138 	 8/28/20267:24:40 PM 	 26.639982 	 59.638898 	 17.524493 	 17.840490 	 0 
139 	 8/28/20267:24:40 PM 	 26.428673 	 59.417077 	 17.930848 	 17.838075 	 0 
140 	 8/28/20267:24:40 PM 	 0.000000 	 59.472010 	 17.588979 	 17.811615 	 0 
141 	 8/28/20267:24:40 PM 	 25.350939 	 59.498539 	 17.621030 	 17.838441 	 1 
142 	 8/28/20267:24:40 PM 	 25.437662 	 59.621482 	 17.469921 	 17.765648 	 1 
143 	 8/28/20267:24:40 PM 	 28.361599 	 59.502909 	 17.666096 	 17.747159 	 0 
144 	 8/28/20267:24:40 PM 	 0.000000 	 59.445854 	 17.673897 	 17.896674 	 0 
145 	 8/28/20267:24:40 PM 	 25.255680 	 59.420536 	 17.832305 	 18.025432 	 0 
146 	 8/28/20267:24:40 PM 	 24.672480 	 59.503860 	 17.297718 	 17.682748 	 1 
147 	 8/28/20267:24:40 PM 	 25.840673 	 59.472770 	 17.350323 	 17.950427 	 1 
148 	 8/28/20267:24:41 PM 	 25.581890 	 59.442805 	 17.754601 	 17.856433 	 1 
149 	 8/28/20267:24:41 PM 	 28.439178 	 59.436012 	 17.619442 	 17.865606 	 0 
150 	 8/28/20267:24:41 PM 	 31.445677 	 59.480510 	 17.514303 	 17.806478 	 0 
151 	 8/28/20267:24:41 PM 	 27.774450 	 59.527114 	 17.355067 	 17.916499 	 0 
